http://www.birot.hu/sudoku.php
request:
submitted=y&0000=&0001=6&0002=2&0100=&0101=4&0102=8&0200=&0201=9&0202=&0010=&0011=&0012=&0110=&0111=&0112=&0210=2&0211=4&0212=&0020=3&0021=&0022=&0120=&0121=2&0122=&0220=&0221=&0222=&1000=4&1001=8&1002=5&1100=&1101=7&1102=&1200=&1201=1&1202=&1010=3&1011=&1012=&1110=&1111=8&1112=&1210=&1211=&1212=&1020=&1021=9&1022=7&1120=&1121=&1122=&1220=&1221=&1222=&2000=6&2001=&2002=7&2100=&2101=&2102=&2200=8&2201=3&2202=&2010=&2011=&2012=&2110=&2111=3&2112=&2210=5&2211=6&2212=2&2020=9&2021=&2022=&2120=2&2121=&2122=6&2220=&2221=&2222=&print_solution=on
response:
<html>
<head>
   <title>Sudoku checker</title>
</head>
<body>

<h1>Sudoku checker</h1>
<p>By definition, a Sudoku must have one and only one solution. 
If this is not the case, the Sudoku cannot be properly solved.
Therefore, I have developed the following page to check whether
a Sudoku has a solution, and if it does, how many.</p>

<hr>





<p>If the sudoku is too hard, solving it might take more than five minutes. In
that case the script will stop after 300 seconds, and you will receive no information below this line.
Otherwise, you will be told even if no solution exists.
I am sorry for that, but the program is not sophisticated
enough to solve a hard problem quickly enough. In any case, if the sudoku you are just about
to solve returns at least two solutions, than you should not go for it.</p>
<hr>


<hr>
5 6 2 1 7 8 3 4 9 <br />
3 4 8 6 5 9 7 2 1 <br />
7 9 1 2 4 3 8 6 5 <br />
4 8 5 3 2 1 6 9 7 <br />
9 7 3 4 8 6 5 1 2 <br />
2 1 6 7 9 5 4 3 8 <br />
6 2 7 8 1 4 9 5 3 <br />
1 5 4 9 3 7 2 8 6 <br />
8 3 9 5 6 2 1 7 4 <br />
<hr>
5 6 2 1 7 8 3 4 9 <br />
3 4 8 6 9 5 7 2 1 <br />
7 9 1 2 4 3 5 6 8 <br />
4 8 5 3 2 1 6 9 7 <br />
2 7 3 9 8 6 4 1 5 <br />
9 1 6 4 5 7 8 3 2 <br />
6 2 7 8 1 4 9 5 3 <br />
1 5 4 7 3 9 2 8 6 <br />
8 3 9 5 6 2 1 7 4 <br />
<hr>
5 6 2 1 7 8 3 4 9 <br />
3 4 8 6 9 5 7 2 1 <br />
7 9 1 2 4 3 8 6 5 <br />
4 8 5 3 2 1 6 9 7 <br />
9 7 3 4 8 6 5 1 2 <br />
2 1 6 7 5 9 4 3 8 <br />
6 2 7 8 1 4 9 5 3 <br />
1 5 4 9 3 7 2 8 6 <br />
8 3 9 5 6 2 1 7 4 <br />
<hr>
5 6 2 1 7 8 3 4 9 <br />
3 4 8 6 9 5 7 2 1 <br />
7 9 1 2 4 3 8 6 5 <br />
4 8 5 3 2 1 6 9 7 <br />
9 7 3 4 8 6 5 1 2 <br />
2 1 6 9 5 7 4 3 8 <br />
6 2 7 8 1 4 9 5 3 <br />
1 5 4 7 3 9 2 8 6 <br />
8 3 9 5 6 2 1 7 4 <br />
<hr>
5 6 2 1 7 8 3 4 9 <br />
3 4 8 9 5 6 7 2 1 <br />
7 9 1 2 4 3 5 6 8 <br />
4 8 5 3 2 1 6 9 7 <br />
9 7 3 6 8 5 4 1 2 <br />
2 1 6 4 9 7 8 3 5 <br />
6 2 7 8 1 4 9 5 3 <br />
1 5 4 7 3 9 2 8 6 <br />
8 3 9 5 6 2 1 7 4 <br />
<hr>
5 6 2 1 7 8 3 4 9 <br />
3 4 8 9 5 6 7 2 1 <br />
7 9 1 2 4 3 5 6 8 <br />
4 8 5 3 2 1 6 9 7 <br />
9 7 3 6 8 5 4 1 2 <br />
2 1 6 4 9 7 8 5 3 <br />
6 2 7 8 1 4 9 3 5 <br />
1 5 4 7 3 9 2 8 6 <br />
8 3 9 5 6 2 1 7 4 <br />
<hr>
5 6 2 1 7 8 3 4 9 <br />
3 4 8 9 5 6 7 2 1 <br />
7 9 1 2 4 3 8 6 5 <br />
4 8 5 3 2 1 6 9 7 <br />
9 7 3 6 8 5 4 1 2 <br />
2 1 6 4 9 7 5 3 8 <br />
6 2 7 8 1 4 9 5 3 <br />
1 5 4 7 3 9 2 8 6 <br />
8 3 9 5 6 2 1 7 4 <br />
<hr>
5 6 2 1 7 8 3 4 9 <br />
7 4 8 6 9 3 1 2 5 <br />
3 9 1 2 4 5 7 6 8 <br />
4 8 5 3 2 1 6 9 7 <br />
2 7 3 9 8 6 5 1 4 <br />
9 1 6 4 5 7 8 3 2 <br />
6 2 7 8 1 4 9 5 3 <br />
1 5 4 7 3 9 2 8 6 <br />
8 3 9 5 6 2 4 7 1 <br />
<hr>
5 6 2 1 7 8 3 4 9 <br />
7 4 8 6 9 3 1 2 5 <br />
3 9 1 2 4 5 7 6 8 <br />
4 8 5 3 2 1 6 9 7 <br />
9 7 3 4 8 6 5 1 2 <br />
2 1 6 7 5 9 8 3 4 <br />
6 2 7 8 1 4 9 5 3 <br />
1 5 4 9 3 7 2 8 6 <br />
8 3 9 5 6 2 4 7 1 <br />
<hr>
5 6 2 1 7 8 3 4 9 <br />
7 4 8 6 9 3 1 2 5 <br />
3 9 1 2 4 5 7 6 8 <br />
4 8 5 3 2 1 6 9 7 <br />
9 7 3 4 8 6 5 1 2 <br />
2 1 6 9 5 7 8 3 4 <br />
6 2 7 8 1 4 9 5 3 <br />
1 5 4 7 3 9 2 8 6 <br />
8 3 9 5 6 2 4 7 1 <br />
<hr>
5 6 2 1 7 8 3 4 9 <br />
7 4 8 6 9 3 5 2 1 <br />
3 9 1 2 4 5 6 7 8 <br />
4 8 5 3 2 6 1 9 7 <br />
2 7 3 9 8 1 4 6 5 <br />
9 1 6 4 5 7 8 3 2 <br />
6 2 7 8 1 4 9 5 3 <br />
1 5 4 7 3 9 2 8 6 <br />
8 3 9 5 6 2 7 1 4 <br />
<hr>
5 6 2 1 7 8 3 4 9 <br />
7 4 8 6 9 3 5 2 1 <br />
3 9 1 2 4 5 6 7 8 <br />
4 8 5 3 2 6 1 9 7 <br />
2 7 6 9 8 1 4 3 5 <br />
9 1 3 4 5 7 8 6 2 <br />
6 2 7 8 1 4 9 5 3 <br />
1 5 4 7 3 9 2 8 6 <br />
8 3 9 5 6 2 7 1 4 <br />
<hr>
5 6 2 1 7 8 3 4 9 <br />
7 4 8 6 9 3 5 2 1 <br />
3 9 1 2 4 5 6 7 8 <br />
4 8 5 3 2 6 1 9 7 <br />
2 7 6 9 8 1 4 5 3 <br />
9 1 3 4 5 7 8 6 2 <br />
6 2 7 8 1 4 9 3 5 <br />
1 5 4 7 3 9 2 8 6 <br />
8 3 9 5 6 2 7 1 4 <br />
<hr>
5 6 2 1 7 8 3 4 9 <br />
7 4 8 6 9 3 5 2 1 <br />
3 9 1 2 4 5 7 6 8 <br />
4 8 5 3 2 1 6 9 7 <br />
2 7 3 9 8 6 4 1 5 <br />
9 1 6 4 5 7 8 3 2 <br />
6 2 7 8 1 4 9 5 3 <br />
1 5 4 7 3 9 2 8 6 <br />
8 3 9 5 6 2 1 7 4 <br />
<hr>
5 6 2 1 7 9 3 4 8 <br />
7 4 8 6 5 3 1 2 9 <br />
3 9 1 2 4 8 7 6 5 <br />
4 8 5 3 2 1 6 9 7 <br />
9 7 3 4 8 6 5 1 2 <br />
2 1 6 7 9 5 8 3 4 <br />
6 2 7 8 1 4 9 5 3 <br />
1 5 4 9 3 7 2 8 6 <br />
8 3 9 5 6 2 4 7 1 <br />
<hr>
5 6 2 1 9 7 3 4 8 <br />
7 4 8 6 5 3 1 2 9 <br />
3 9 1 2 4 8 7 6 5 <br />
4 8 5 3 2 1 6 9 7 <br />
2 7 3 9 8 6 5 1 4 <br />
9 1 6 4 7 5 8 3 2 <br />
6 2 7 8 1 4 9 5 3 <br />
1 5 4 7 3 9 2 8 6 <br />
8 3 9 5 6 2 4 7 1 <br />
<hr>
5 6 2 1 9 7 3 4 8 <br />
7 4 8 6 5 3 1 2 9 <br />
3 9 1 2 4 8 7 6 5 <br />
4 8 5 3 2 1 6 9 7 <br />
9 7 3 4 8 6 5 1 2 <br />
2 1 6 9 7 5 8 3 4 <br />
6 2 7 8 1 4 9 5 3 <br />
1 5 4 7 3 9 2 8 6 <br />
8 3 9 5 6 2 4 7 1 <br />
<hr>
5 6 2 1 9 8 3 7 4 <br />
3 4 8 6 5 7 1 2 9 <br />
7 9 1 2 4 3 5 6 8 <br />
4 8 5 3 2 1 6 9 7 <br />
2 7 3 9 8 6 4 1 5 <br />
9 1 6 4 7 5 8 3 2 <br />
6 2 7 8 1 4 9 5 3 <br />
1 5 4 7 3 9 2 8 6 <br />
8 3 9 5 6 2 7 4 1 <br />
<hr>
5 6 2 1 9 8 3 7 4 <br />
3 4 8 6 5 7 1 2 9 <br />
7 9 1 2 4 3 5 6 8 <br />
4 8 5 3 2 1 6 9 7 <br />
2 7 6 9 8 5 4 1 3 <br />
9 1 3 4 7 6 8 5 2 <br />
6 2 7 8 1 4 9 3 5 <br />
1 5 4 7 3 9 2 8 6 <br />
8 3 9 5 6 2 7 4 1 <br />
<hr>
5 6 2 1 9 8 3 7 4 <br />
3 4 8 6 5 7 1 2 9 <br />
7 9 1 2 4 3 8 6 5 <br />
4 8 5 3 2 1 6 9 7 <br />
9 7 3 4 8 6 5 1 2 <br />
2 1 6 9 7 5 4 3 8 <br />
6 2 7 8 1 4 9 5 3 <br />
1 5 4 7 3 9 2 8 6 <br />
8 3 9 5 6 2 7 4 1 <br />
<hr>
5 6 2 1 9 8 3 7 4 <br />
3 4 8 6 7 5 1 2 9 <br />
7 9 1 2 4 3 5 6 8 <br />
4 8 5 3 2 1 6 9 7 <br />
2 7 3 9 8 6 4 1 5 <br />
9 1 6 4 5 7 8 3 2 <br />
6 2 7 8 1 4 9 5 3 <br />
1 5 4 7 3 9 2 8 6 <br />
8 3 9 5 6 2 7 4 1 <br />
<hr>
5 6 2 1 9 8 3 7 4 <br />
3 4 8 6 7 5 1 2 9 <br />
7 9 1 2 4 3 8 6 5 <br />
4 8 5 3 2 1 6 9 7 <br />
9 7 3 4 8 6 5 1 2 <br />
2 1 6 7 5 9 4 3 8 <br />
6 2 7 8 1 4 9 5 3 <br />
1 5 4 9 3 7 2 8 6 <br />
8 3 9 5 6 2 7 4 1 <br />
<hr>
5 6 2 1 9 8 3 7 4 <br />
3 4 8 6 7 5 1 2 9 <br />
7 9 1 2 4 3 8 6 5 <br />
4 8 5 3 2 1 6 9 7 <br />
9 7 3 4 8 6 5 1 2 <br />
2 1 6 9 5 7 4 3 8 <br />
6 2 7 8 1 4 9 5 3 <br />
1 5 4 7 3 9 2 8 6 <br />
8 3 9 5 6 2 7 4 1 <br />
<hr>
5 6 2 1 9 8 3 7 4 <br />
3 4 8 7 5 6 1 2 9 <br />
7 9 1 2 4 3 5 6 8 <br />
4 8 5 3 2 1 6 9 7 <br />
2 7 3 6 8 9 4 1 5 <br />
9 1 6 4 7 5 8 3 2 <br />
6 2 7 8 1 4 9 5 3 <br />
1 5 4 9 3 7 2 8 6 <br />
8 3 9 5 6 2 7 4 1 <br />
<hr>
5 6 2 1 9 8 3 7 4 <br />
3 4 8 7 5 6 1 2 9 <br />
7 9 1 2 4 3 5 6 8 <br />
4 8 5 3 2 1 6 9 7 <br />
9 7 3 6 8 5 4 1 2 <br />
2 1 6 4 7 9 8 3 5 <br />
6 2 7 8 1 4 9 5 3 <br />
1 5 4 9 3 7 2 8 6 <br />
8 3 9 5 6 2 7 4 1 <br />
<hr>
5 6 2 1 9 8 3 7 4 <br />
3 4 8 7 5 6 1 2 9 <br />
7 9 1 2 4 3 5 6 8 <br />
4 8 5 3 2 1 6 9 7 <br />
9 7 3 6 8 5 4 1 2 <br />
2 1 6 4 7 9 8 5 3 <br />
6 2 7 8 1 4 9 3 5 <br />
1 5 4 9 3 7 2 8 6 <br />
8 3 9 5 6 2 7 4 1 <br />
<hr>
5 6 2 1 9 8 3 7 4 <br />
3 4 8 7 5 6 1 2 9 <br />
7 9 1 2 4 3 8 6 5 <br />
4 8 5 3 2 1 6 9 7 <br />
9 7 3 6 8 5 4 1 2 <br />
2 1 6 4 7 9 5 3 8 <br />
6 2 7 8 1 4 9 5 3 <br />
1 5 4 9 3 7 2 8 6 <br />
8 3 9 5 6 2 7 4 1 <br />
<hr>
5 6 2 1 9 8 3 7 4 <br />
7 4 8 6 5 3 1 2 9 <br />
3 9 1 2 4 7 5 6 8 <br />
4 8 5 3 2 1 6 9 7 <br />
2 7 3 9 8 6 4 1 5 <br />
9 1 6 4 7 5 8 3 2 <br />
6 2 7 8 1 4 9 5 3 <br />
1 5 4 7 3 9 2 8 6 <br />
8 3 9 5 6 2 7 4 1 <br />
<hr>
5 6 2 1 9 8 3 7 4 <br />
7 4 8 6 5 3 1 2 9 <br />
3 9 1 2 4 7 5 6 8 <br />
4 8 5 3 2 1 6 9 7 <br />
2 7 6 9 8 5 4 1 3 <br />
9 1 3 4 7 6 8 5 2 <br />
6 2 7 8 1 4 9 3 5 <br />
1 5 4 7 3 9 2 8 6 <br />
8 3 9 5 6 2 7 4 1 <br />
<hr>
5 6 2 1 9 8 3 7 4 <br />
7 4 8 6 5 3 1 2 9 <br />
3 9 1 2 4 7 8 6 5 <br />
4 8 5 3 2 1 6 9 7 <br />
9 7 3 4 8 6 5 1 2 <br />
2 1 6 9 7 5 4 3 8 <br />
6 2 7 8 1 4 9 5 3 <br />
1 5 4 7 3 9 2 8 6 <br />
8 3 9 5 6 2 7 4 1 <br />
<hr>
5 6 2 7 9 8 3 1 4 <br />
3 4 8 1 5 6 7 2 9 <br />
7 9 1 2 4 3 5 6 8 <br />
4 8 5 3 2 1 6 9 7 <br />
2 7 3 6 8 9 1 4 5 <br />
9 1 6 4 7 5 8 3 2 <br />
6 2 7 8 1 4 9 5 3 <br />
1 5 4 9 3 7 2 8 6 <br />
8 3 9 5 6 2 4 7 1 <br />
<hr>
5 6 2 7 9 8 3 1 4 <br />
3 4 8 1 5 6 7 2 9 <br />
7 9 1 2 4 3 5 6 8 <br />
4 8 5 3 2 1 6 9 7 <br />
2 7 6 4 8 9 1 3 5 <br />
9 1 3 6 7 5 8 4 2 <br />
6 2 7 8 1 4 9 5 3 <br />
1 5 4 9 3 7 2 8 6 <br />
8 3 9 5 6 2 4 7 1 <br />
<hr>
5 6 2 7 9 8 3 1 4 <br />
3 4 8 1 5 6 7 2 9 <br />
7 9 1 2 4 3 5 6 8 <br />
4 8 5 3 2 1 6 9 7 <br />
2 7 6 4 8 9 1 5 3 <br />
9 1 3 6 7 5 8 4 2 <br />
6 2 7 8 1 4 9 3 5 <br />
1 5 4 9 3 7 2 8 6 <br />
8 3 9 5 6 2 4 7 1 <br />
<hr>
5 6 2 7 9 8 3 1 4 <br />
3 4 8 1 5 6 7 2 9 <br />
7 9 1 2 4 3 5 6 8 <br />
4 8 5 3 2 1 6 9 7 <br />
9 7 3 6 8 5 1 4 2 <br />
2 1 6 4 7 9 8 3 5 <br />
6 2 7 8 1 4 9 5 3 <br />
1 5 4 9 3 7 2 8 6 <br />
8 3 9 5 6 2 4 7 1 <br />
<hr>
5 6 2 7 9 8 3 1 4 <br />
3 4 8 1 5 6 7 2 9 <br />
7 9 1 2 4 3 5 6 8 <br />
4 8 5 3 2 1 6 9 7 <br />
9 7 3 6 8 5 1 4 2 <br />
2 1 6 4 7 9 8 5 3 <br />
6 2 7 8 1 4 9 3 5 <br />
1 5 4 9 3 7 2 8 6 <br />
8 3 9 5 6 2 4 7 1 <br />
<hr>
5 6 2 7 9 8 3 1 4 <br />
3 4 8 1 5 6 7 2 9 <br />
7 9 1 2 4 3 5 6 8 <br />
4 8 5 3 2 1 6 9 7 <br />
9 7 6 4 8 5 1 3 2 <br />
2 1 3 6 7 9 8 4 5 <br />
6 2 7 8 1 4 9 5 3 <br />
1 5 4 9 3 7 2 8 6 <br />
8 3 9 5 6 2 4 7 1 <br />
<hr>
5 6 2 7 9 8 3 1 4 <br />
3 4 8 1 5 6 7 2 9 <br />
7 9 1 2 4 3 8 6 5 <br />
4 8 5 3 2 1 6 9 7 <br />
9 7 3 6 8 5 1 4 2 <br />
2 1 6 4 7 9 5 3 8 <br />
6 2 7 8 1 4 9 5 3 <br />
1 5 4 9 3 7 2 8 6 <br />
8 3 9 5 6 2 4 7 1 <br />
<hr>
5 6 2 7 9 8 3 1 4 <br />
3 4 8 1 5 6 7 2 9 <br />
7 9 1 2 4 3 8 6 5 <br />
4 8 5 3 2 1 6 9 7 <br />
9 7 6 4 8 5 1 3 2 <br />
2 1 3 6 7 9 5 4 8 <br />
6 2 7 8 1 4 9 5 3 <br />
1 5 4 9 3 7 2 8 6 <br />
8 3 9 5 6 2 4 7 1 <br />
<hr>
5 6 2 7 9 8 3 1 4 <br />
3 4 8 6 5 1 7 2 9 <br />
7 9 1 2 4 3 5 6 8 <br />
4 8 5 3 2 6 1 9 7 <br />
2 7 3 1 8 9 6 4 5 <br />
9 1 6 4 7 5 8 3 2 <br />
6 2 7 8 1 4 9 5 3 <br />
1 5 4 9 3 7 2 8 6 <br />
8 3 9 5 6 2 4 7 1 <br />
<hr>
5 6 2 7 9 8 3 1 4 <br />
3 4 8 6 5 1 7 2 9 <br />
7 9 1 2 4 3 5 6 8 <br />
4 8 5 3 2 6 1 9 7 <br />
9 7 3 1 8 5 6 4 2 <br />
2 1 6 4 7 9 8 3 5 <br />
6 2 7 8 1 4 9 5 3 <br />
1 5 4 9 3 7 2 8 6 <br />
8 3 9 5 6 2 4 7 1 <br />
<hr>
5 6 2 7 9 8 3 1 4 <br />
3 4 8 6 5 1 7 2 9 <br />
7 9 1 2 4 3 5 6 8 <br />
4 8 5 3 2 6 1 9 7 <br />
9 7 3 1 8 5 6 4 2 <br />
2 1 6 4 7 9 8 5 3 <br />
6 2 7 8 1 4 9 3 5 <br />
1 5 4 9 3 7 2 8 6 <br />
8 3 9 5 6 2 4 7 1 <br />
<hr>
5 6 2 7 9 8 3 1 4 <br />
3 4 8 6 5 1 7 2 9 <br />
7 9 1 2 4 3 6 5 8 <br />
4 8 5 3 2 6 1 9 7 <br />
2 7 6 1 8 9 5 4 3 <br />
9 1 3 4 7 5 8 6 2 <br />
6 2 7 8 1 4 9 3 5 <br />
1 5 4 9 3 7 2 8 6 <br />
8 3 9 5 6 2 4 7 1 <br />
<hr>
5 6 2 7 9 8 3 1 4 <br />
3 4 8 6 5 1 7 2 9 <br />
7 9 1 2 4 3 8 6 5 <br />
4 8 5 3 2 6 1 9 7 <br />
9 7 3 1 8 5 6 4 2 <br />
2 1 6 4 7 9 5 3 8 <br />
6 2 7 8 1 4 9 5 3 <br />
1 5 4 9 3 7 2 8 6 <br />
8 3 9 5 6 2 4 7 1 <br />
<hr>
5 6 2 7 9 8 3 4 1 <br />
3 4 8 1 5 6 7 2 9 <br />
7 9 1 2 4 3 5 6 8 <br />
4 8 5 3 2 1 6 9 7 <br />
2 7 3 6 8 9 4 1 5 <br />
9 1 6 4 7 5 8 3 2 <br />
6 2 7 8 1 4 9 5 3 <br />
1 5 4 9 3 7 2 8 6 <br />
8 3 9 5 6 2 1 7 4 <br />
<hr>
5 6 2 7 9 8 3 4 1 <br />
3 4 8 1 5 6 7 2 9 <br />
7 9 1 2 4 3 5 6 8 <br />
4 8 5 3 2 1 6 9 7 <br />
9 7 3 6 8 5 4 1 2 <br />
2 1 6 4 7 9 8 3 5 <br />
6 2 7 8 1 4 9 5 3 <br />
1 5 4 9 3 7 2 8 6 <br />
8 3 9 5 6 2 1 7 4 <br />
<hr>
5 6 2 7 9 8 3 4 1 <br />
3 4 8 1 5 6 7 2 9 <br />
7 9 1 2 4 3 5 6 8 <br />
4 8 5 3 2 1 6 9 7 <br />
9 7 3 6 8 5 4 1 2 <br />
2 1 6 4 7 9 8 5 3 <br />
6 2 7 8 1 4 9 3 5 <br />
1 5 4 9 3 7 2 8 6 <br />
8 3 9 5 6 2 1 7 4 <br />
<hr>
5 6 2 7 9 8 3 4 1 <br />
3 4 8 1 5 6 7 2 9 <br />
7 9 1 2 4 3 8 6 5 <br />
4 8 5 3 2 1 6 9 7 <br />
9 7 3 6 8 5 4 1 2 <br />
2 1 6 4 7 9 5 3 8 <br />
6 2 7 8 1 4 9 5 3 <br />
1 5 4 9 3 7 2 8 6 <br />
8 3 9 5 6 2 1 7 4 <br />
<hr>
5 6 2 8 7 1 3 4 9 <br />
7 4 8 6 9 3 5 2 1 <br />
3 9 1 2 4 5 6 7 8 <br />
4 8 5 3 2 6 1 9 7 <br />
2 7 3 1 8 9 4 6 5 <br />
9 1 6 7 5 4 8 3 2 <br />
6 2 7 4 1 8 9 5 3 <br />
1 5 4 9 3 7 2 8 6 <br />
8 3 9 5 6 2 7 1 4 <br />
<hr>
5 6 2 8 7 1 3 4 9 <br />
7 4 8 6 9 3 5 2 1 <br />
3 9 1 2 4 5 6 7 8 <br />
4 8 5 3 2 6 1 9 7 <br />
2 7 6 1 8 9 4 3 5 <br />
9 1 3 7 5 4 8 6 2 <br />
6 2 7 4 1 8 9 5 3 <br />
1 5 4 9 3 7 2 8 6 <br />
8 3 9 5 6 2 7 1 4 <br />
<hr>
5 6 2 8 7 1 3 4 9 <br />
7 4 8 6 9 3 5 2 1 <br />
3 9 1 2 4 5 6 7 8 <br />
4 8 5 3 2 6 1 9 7 <br />
2 7 6 1 8 9 4 5 3 <br />
9 1 3 7 5 4 8 6 2 <br />
6 2 7 4 1 8 9 3 5 <br />
1 5 4 9 3 7 2 8 6 <br />
8 3 9 5 6 2 7 1 4 <br />
<hr>
5 6 2 8 7 9 3 1 4 <br />
3 4 8 1 5 6 7 2 9 <br />
7 9 1 2 4 3 5 6 8 <br />
4 8 5 3 2 1 6 9 7 <br />
9 7 3 6 8 4 1 5 2 <br />
2 1 6 7 9 5 8 4 3 <br />
6 2 7 4 1 8 9 3 5 <br />
1 5 4 9 3 7 2 8 6 <br />
8 3 9 5 6 2 4 7 1 <br />
<hr>
5 6 2 8 7 9 3 1 4 <br />
3 4 8 1 5 6 7 2 9 <br />
7 9 1 2 4 3 5 6 8 <br />
4 8 5 3 2 1 6 9 7 <br />
9 7 3 6 8 5 1 4 2 <br />
2 1 6 7 9 4 8 3 5 <br />
6 2 7 4 1 8 9 5 3 <br />
1 5 4 9 3 7 2 8 6 <br />
8 3 9 5 6 2 4 7 1 <br />
<hr>
5 6 2 8 7 9 3 1 4 <br />
3 4 8 1 5 6 7 2 9 <br />
7 9 1 2 4 3 5 6 8 <br />
4 8 5 3 2 1 6 9 7 <br />
9 7 3 6 8 5 1 4 2 <br />
2 1 6 7 9 4 8 5 3 <br />
6 2 7 4 1 8 9 3 5 <br />
1 5 4 9 3 7 2 8 6 <br />
8 3 9 5 6 2 4 7 1 <br />
<hr>
5 6 2 8 7 9 3 1 4 <br />
3 4 8 1 5 6 7 2 9 <br />
7 9 1 2 4 3 8 6 5 <br />
4 8 5 3 2 1 6 9 7 <br />
9 7 3 6 8 5 1 4 2 <br />
2 1 6 7 9 4 5 3 8 <br />
6 2 7 4 1 8 9 5 3 <br />
1 5 4 9 3 7 2 8 6 <br />
8 3 9 5 6 2 4 7 1 <br />
<hr>
5 6 2 8 7 9 3 1 4 <br />
3 4 8 6 5 1 7 2 9 <br />
7 9 1 2 4 3 5 6 8 <br />
4 8 5 3 2 6 1 9 7 <br />
9 7 3 1 8 4 6 5 2 <br />
2 1 6 7 9 5 8 4 3 <br />
6 2 7 4 1 8 9 3 5 <br />
1 5 4 9 3 7 2 8 6 <br />
8 3 9 5 6 2 4 7 1 <br />
<hr>
5 6 2 8 7 9 3 1 4 <br />
3 4 8 6 5 1 7 2 9 <br />
7 9 1 2 4 3 5 6 8 <br />
4 8 5 3 2 6 1 9 7 <br />
9 7 3 1 8 5 6 4 2 <br />
2 1 6 7 9 4 8 3 5 <br />
6 2 7 4 1 8 9 5 3 <br />
1 5 4 9 3 7 2 8 6 <br />
8 3 9 5 6 2 4 7 1 <br />
<hr>
5 6 2 8 7 9 3 1 4 <br />
3 4 8 6 5 1 7 2 9 <br />
7 9 1 2 4 3 5 6 8 <br />
4 8 5 3 2 6 1 9 7 <br />
9 7 3 1 8 5 6 4 2 <br />
2 1 6 7 9 4 8 5 3 <br />
6 2 7 4 1 8 9 3 5 <br />
1 5 4 9 3 7 2 8 6 <br />
8 3 9 5 6 2 4 7 1 <br />
<hr>
5 6 2 8 7 9 3 1 4 <br />
3 4 8 6 5 1 7 2 9 <br />
7 9 1 2 4 3 6 5 8 <br />
4 8 5 3 2 6 1 9 7 <br />
9 7 3 1 8 4 5 6 2 <br />
2 1 6 7 9 5 8 4 3 <br />
6 2 7 4 1 8 9 3 5 <br />
1 5 4 9 3 7 2 8 6 <br />
8 3 9 5 6 2 4 7 1 <br />
<hr>
5 6 2 8 7 9 3 1 4 <br />
3 4 8 6 5 1 7 2 9 <br />
7 9 1 2 4 3 8 6 5 <br />
4 8 5 3 2 6 1 9 7 <br />
9 7 3 1 8 5 6 4 2 <br />
2 1 6 7 9 4 5 3 8 <br />
6 2 7 4 1 8 9 5 3 <br />
1 5 4 9 3 7 2 8 6 <br />
8 3 9 5 6 2 4 7 1 <br />
<hr>
5 6 2 8 7 9 3 1 4 <br />
3 4 8 6 5 1 7 2 9 <br />
7 9 1 2 4 3 8 6 5 <br />
4 8 5 3 2 6 1 9 7 <br />
9 7 6 1 8 4 5 3 2 <br />
2 1 3 7 9 5 6 4 8 <br />
6 2 7 4 1 8 9 5 3 <br />
1 5 4 9 3 7 2 8 6 <br />
8 3 9 5 6 2 4 7 1 <br />
<hr>
5 6 2 8 7 9 3 4 1 <br />
3 4 8 1 5 6 7 2 9 <br />
7 9 1 2 4 3 5 6 8 <br />
4 8 5 3 2 1 6 9 7 <br />
9 7 3 6 8 5 4 1 2 <br />
2 1 6 7 9 4 8 3 5 <br />
6 2 7 4 1 8 9 5 3 <br />
1 5 4 9 3 7 2 8 6 <br />
8 3 9 5 6 2 1 7 4 <br />
<hr>
5 6 2 8 7 9 3 4 1 <br />
3 4 8 1 5 6 7 2 9 <br />
7 9 1 2 4 3 5 6 8 <br />
4 8 5 3 2 1 6 9 7 <br />
9 7 3 6 8 5 4 1 2 <br />
2 1 6 7 9 4 8 5 3 <br />
6 2 7 4 1 8 9 3 5 <br />
1 5 4 9 3 7 2 8 6 <br />
8 3 9 5 6 2 1 7 4 <br />
<hr>
5 6 2 8 7 9 3 4 1 <br />
3 4 8 1 5 6 7 2 9 <br />
7 9 1 2 4 3 8 6 5 <br />
4 8 5 3 2 1 6 9 7 <br />
9 7 3 6 8 4 5 1 2 <br />
2 1 6 7 9 5 4 3 8 <br />
6 2 7 4 1 8 9 5 3 <br />
1 5 4 9 3 7 2 8 6 <br />
8 3 9 5 6 2 1 7 4 <br />
<hr>
5 6 2 8 7 9 3 4 1 <br />
3 4 8 1 5 6 7 2 9 <br />
7 9 1 2 4 3 8 6 5 <br />
4 8 5 3 2 1 6 9 7 <br />
9 7 3 6 8 5 4 1 2 <br />
2 1 6 7 9 4 5 3 8 <br />
6 2 7 4 1 8 9 5 3 <br />
1 5 4 9 3 7 2 8 6 <br />
8 3 9 5 6 2 1 7 4 <br />
<hr>
5 6 2 8 9 7 3 1 4 <br />
3 4 8 1 5 6 7 2 9 <br />
7 9 1 2 4 3 5 6 8 <br />
4 8 5 3 2 1 6 9 7 <br />
2 7 6 9 8 4 1 3 5 <br />
9 1 3 6 7 5 8 4 2 <br />
6 2 7 4 1 8 9 5 3 <br />
1 5 4 7 3 9 2 8 6 <br />
8 3 9 5 6 2 4 7 1 <br />
<hr>
5 6 2 8 9 7 3 1 4 <br />
3 4 8 1 5 6 7 2 9 <br />
7 9 1 2 4 3 5 6 8 <br />
4 8 5 3 2 1 6 9 7 <br />
2 7 6 9 8 4 1 5 3 <br />
9 1 3 6 7 5 8 4 2 <br />
6 2 7 4 1 8 9 3 5 <br />
1 5 4 7 3 9 2 8 6 <br />
8 3 9 5 6 2 4 7 1 <br />
<hr>
5 6 2 8 9 7 3 1 4 <br />
3 4 8 1 5 6 7 2 9 <br />
7 9 1 2 4 3 5 6 8 <br />
4 8 5 3 2 1 6 9 7 <br />
2 7 6 9 8 5 1 4 3 <br />
9 1 3 6 7 4 8 5 2 <br />
6 2 7 4 1 8 9 3 5 <br />
1 5 4 7 3 9 2 8 6 <br />
8 3 9 5 6 2 4 7 1 <br />
<hr>
5 6 2 8 9 7 3 1 4 <br />
3 4 8 1 5 6 7 2 9 <br />
7 9 1 2 4 3 5 6 8 <br />
4 8 5 3 2 1 6 9 7 <br />
9 7 3 6 8 4 1 5 2 <br />
2 1 6 9 7 5 8 4 3 <br />
6 2 7 4 1 8 9 3 5 <br />
1 5 4 7 3 9 2 8 6 <br />
8 3 9 5 6 2 4 7 1 <br />
<hr>
5 6 2 8 9 7 3 1 4 <br />
3 4 8 1 5 6 7 2 9 <br />
7 9 1 2 4 3 5 6 8 <br />
4 8 5 3 2 1 6 9 7 <br />
9 7 3 6 8 5 1 4 2 <br />
2 1 6 9 7 4 8 3 5 <br />
6 2 7 4 1 8 9 5 3 <br />
1 5 4 7 3 9 2 8 6 <br />
8 3 9 5 6 2 4 7 1 <br />
<hr>
5 6 2 8 9 7 3 1 4 <br />
3 4 8 1 5 6 7 2 9 <br />
7 9 1 2 4 3 5 6 8 <br />
4 8 5 3 2 1 6 9 7 <br />
9 7 3 6 8 5 1 4 2 <br />
2 1 6 9 7 4 8 5 3 <br />
6 2 7 4 1 8 9 3 5 <br />
1 5 4 7 3 9 2 8 6 <br />
8 3 9 5 6 2 4 7 1 <br />
<hr>
5 6 2 8 9 7 3 1 4 <br />
3 4 8 1 5 6 7 2 9 <br />
7 9 1 2 4 3 8 6 5 <br />
4 8 5 3 2 1 6 9 7 <br />
9 7 3 6 8 5 1 4 2 <br />
2 1 6 9 7 4 5 3 8 <br />
6 2 7 4 1 8 9 5 3 <br />
1 5 4 7 3 9 2 8 6 <br />
8 3 9 5 6 2 4 7 1 <br />
<hr>
5 6 2 8 9 7 3 1 4 <br />
3 4 8 6 5 1 7 2 9 <br />
7 9 1 2 4 3 5 6 8 <br />
4 8 5 3 2 6 1 9 7 <br />
9 7 3 1 8 4 6 5 2 <br />
2 1 6 9 7 5 8 4 3 <br />
6 2 7 4 1 8 9 3 5 <br />
1 5 4 7 3 9 2 8 6 <br />
8 3 9 5 6 2 4 7 1 <br />
<hr>
5 6 2 8 9 7 3 1 4 <br />
3 4 8 6 5 1 7 2 9 <br />
7 9 1 2 4 3 5 6 8 <br />
4 8 5 3 2 6 1 9 7 <br />
9 7 3 1 8 5 6 4 2 <br />
2 1 6 9 7 4 8 3 5 <br />
6 2 7 4 1 8 9 5 3 <br />
1 5 4 7 3 9 2 8 6 <br />
8 3 9 5 6 2 4 7 1 <br />
<hr>
5 6 2 8 9 7 3 1 4 <br />
3 4 8 6 5 1 7 2 9 <br />
7 9 1 2 4 3 5 6 8 <br />
4 8 5 3 2 6 1 9 7 <br />
9 7 3 1 8 5 6 4 2 <br />
2 1 6 9 7 4 8 5 3 <br />
6 2 7 4 1 8 9 3 5 <br />
1 5 4 7 3 9 2 8 6 <br />
8 3 9 5 6 2 4 7 1 <br />
<hr>
5 6 2 8 9 7 3 1 4 <br />
3 4 8 6 5 1 7 2 9 <br />
7 9 1 2 4 3 6 5 8 <br />
4 8 5 3 2 6 1 9 7 <br />
9 7 3 1 8 4 5 6 2 <br />
2 1 6 9 7 5 8 4 3 <br />
6 2 7 4 1 8 9 3 5 <br />
1 5 4 7 3 9 2 8 6 <br />
8 3 9 5 6 2 4 7 1 <br />
<hr>
5 6 2 8 9 7 3 1 4 <br />
3 4 8 6 5 1 7 2 9 <br />
7 9 1 2 4 3 8 6 5 <br />
4 8 5 3 2 6 1 9 7 <br />
9 7 3 1 8 5 6 4 2 <br />
2 1 6 9 7 4 5 3 8 <br />
6 2 7 4 1 8 9 5 3 <br />
1 5 4 7 3 9 2 8 6 <br />
8 3 9 5 6 2 4 7 1 <br />
<hr>
5 6 2 8 9 7 3 1 4 <br />
3 4 8 6 5 1 7 2 9 <br />
7 9 1 2 4 3 8 6 5 <br />
4 8 5 3 2 6 1 9 7 <br />
9 7 6 1 8 4 5 3 2 <br />
2 1 3 9 7 5 6 4 8 <br />
6 2 7 4 1 8 9 5 3 <br />
1 5 4 7 3 9 2 8 6 <br />
8 3 9 5 6 2 4 7 1 <br />
<hr>
5 6 2 8 9 7 3 4 1 <br />
3 4 8 1 5 6 7 2 9 <br />
7 9 1 2 4 3 5 6 8 <br />
4 8 5 3 2 1 6 9 7 <br />
2 7 6 9 8 5 4 1 3 <br />
9 1 3 6 7 4 8 5 2 <br />
6 2 7 4 1 8 9 3 5 <br />
1 5 4 7 3 9 2 8 6 <br />
8 3 9 5 6 2 1 7 4 <br />
<hr>
5 6 2 8 9 7 3 4 1 <br />
3 4 8 1 5 6 7 2 9 <br />
7 9 1 2 4 3 5 6 8 <br />
4 8 5 3 2 1 6 9 7 <br />
9 7 3 6 8 5 4 1 2 <br />
2 1 6 9 7 4 8 3 5 <br />
6 2 7 4 1 8 9 5 3 <br />
1 5 4 7 3 9 2 8 6 <br />
8 3 9 5 6 2 1 7 4 <br />
<hr>
5 6 2 8 9 7 3 4 1 <br />
3 4 8 1 5 6 7 2 9 <br />
7 9 1 2 4 3 5 6 8 <br />
4 8 5 3 2 1 6 9 7 <br />
9 7 3 6 8 5 4 1 2 <br />
2 1 6 9 7 4 8 5 3 <br />
6 2 7 4 1 8 9 3 5 <br />
1 5 4 7 3 9 2 8 6 <br />
8 3 9 5 6 2 1 7 4 <br />
<hr>
5 6 2 8 9 7 3 4 1 <br />
3 4 8 1 5 6 7 2 9 <br />
7 9 1 2 4 3 8 6 5 <br />
4 8 5 3 2 1 6 9 7 <br />
9 7 3 6 8 4 5 1 2 <br />
2 1 6 9 7 5 4 3 8 <br />
6 2 7 4 1 8 9 5 3 <br />
1 5 4 7 3 9 2 8 6 <br />
8 3 9 5 6 2 1 7 4 <br />
<hr>
5 6 2 8 9 7 3 4 1 <br />
3 4 8 1 5 6 7 2 9 <br />
7 9 1 2 4 3 8 6 5 <br />
4 8 5 3 2 1 6 9 7 <br />
9 7 3 6 8 5 4 1 2 <br />
2 1 6 9 7 4 5 3 8 <br />
6 2 7 4 1 8 9 5 3 <br />
1 5 4 7 3 9 2 8 6 <br />
8 3 9 5 6 2 1 7 4 <br />
<hr>
5 6 2 9 7 8 3 1 4 <br />
3 4 8 1 5 6 7 2 9 <br />
7 9 1 2 4 3 5 6 8 <br />
4 8 5 3 2 1 6 9 7 <br />
9 7 3 6 8 5 1 4 2 <br />
2 1 6 4 9 7 8 3 5 <br />
6 2 7 8 1 4 9 5 3 <br />
1 5 4 7 3 9 2 8 6 <br />
8 3 9 5 6 2 4 7 1 <br />
<hr>
5 6 2 9 7 8 3 1 4 <br />
3 4 8 1 5 6 7 2 9 <br />
7 9 1 2 4 3 5 6 8 <br />
4 8 5 3 2 1 6 9 7 <br />
9 7 3 6 8 5 1 4 2 <br />
2 1 6 4 9 7 8 5 3 <br />
6 2 7 8 1 4 9 3 5 <br />
1 5 4 7 3 9 2 8 6 <br />
8 3 9 5 6 2 4 7 1 <br />
<hr>
5 6 2 9 7 8 3 1 4 <br />
3 4 8 1 5 6 7 2 9 <br />
7 9 1 2 4 3 5 6 8 <br />
4 8 5 3 2 1 6 9 7 <br />
9 7 6 4 8 5 1 3 2 <br />
2 1 3 6 9 7 8 4 5 <br />
6 2 7 8 1 4 9 5 3 <br />
1 5 4 7 3 9 2 8 6 <br />
8 3 9 5 6 2 4 7 1 <br />
<hr>
5 6 2 9 7 8 3 1 4 <br />
3 4 8 1 5 6 7 2 9 <br />
7 9 1 2 4 3 8 6 5 <br />
4 8 5 3 2 1 6 9 7 <br />
9 7 3 6 8 5 1 4 2 <br />
2 1 6 4 9 7 5 3 8 <br />
6 2 7 8 1 4 9 5 3 <br />
1 5 4 7 3 9 2 8 6 <br />
8 3 9 5 6 2 4 7 1 <br />
<hr>
5 6 2 9 7 8 3 1 4 <br />
3 4 8 1 5 6 7 2 9 <br />
7 9 1 2 4 3 8 6 5 <br />
4 8 5 3 2 1 6 9 7 <br />
9 7 6 4 8 5 1 3 2 <br />
2 1 3 6 9 7 5 4 8 <br />
6 2 7 8 1 4 9 5 3 <br />
1 5 4 7 3 9 2 8 6 <br />
8 3 9 5 6 2 4 7 1 <br />
<hr>
5 6 2 9 7 8 3 1 4 <br />
3 4 8 6 5 1 7 2 9 <br />
7 9 1 2 4 3 5 6 8 <br />
4 8 5 3 2 6 1 9 7 <br />
9 7 3 1 8 5 6 4 2 <br />
2 1 6 4 9 7 8 3 5 <br />
6 2 7 8 1 4 9 5 3 <br />
1 5 4 7 3 9 2 8 6 <br />
8 3 9 5 6 2 4 7 1 <br />
<hr>
5 6 2 9 7 8 3 1 4 <br />
3 4 8 6 5 1 7 2 9 <br />
7 9 1 2 4 3 5 6 8 <br />
4 8 5 3 2 6 1 9 7 <br />
9 7 3 1 8 5 6 4 2 <br />
2 1 6 4 9 7 8 5 3 <br />
6 2 7 8 1 4 9 3 5 <br />
1 5 4 7 3 9 2 8 6 <br />
8 3 9 5 6 2 4 7 1 <br />
<hr>
5 6 2 9 7 8 3 1 4 <br />
3 4 8 6 5 1 7 2 9 <br />
7 9 1 2 4 3 8 6 5 <br />
4 8 5 3 2 6 1 9 7 <br />
9 7 3 1 8 5 6 4 2 <br />
2 1 6 4 9 7 5 3 8 <br />
6 2 7 8 1 4 9 5 3 <br />
1 5 4 7 3 9 2 8 6 <br />
8 3 9 5 6 2 4 7 1 <br />
<hr>
5 6 2 9 7 8 3 4 1 <br />
3 4 8 1 5 6 7 2 9 <br />
7 9 1 2 4 3 5 6 8 <br />
4 8 5 3 2 1 6 9 7 <br />
9 7 3 6 8 5 4 1 2 <br />
2 1 6 4 9 7 8 3 5 <br />
6 2 7 8 1 4 9 5 3 <br />
1 5 4 7 3 9 2 8 6 <br />
8 3 9 5 6 2 1 7 4 <br />
<hr>
5 6 2 9 7 8 3 4 1 <br />
3 4 8 1 5 6 7 2 9 <br />
7 9 1 2 4 3 5 6 8 <br />
4 8 5 3 2 1 6 9 7 <br />
9 7 3 6 8 5 4 1 2 <br />
2 1 6 4 9 7 8 5 3 <br />
6 2 7 8 1 4 9 3 5 <br />
1 5 4 7 3 9 2 8 6 <br />
8 3 9 5 6 2 1 7 4 <br />
<hr>
5 6 2 9 7 8 3 4 1 <br />
3 4 8 1 5 6 7 2 9 <br />
7 9 1 2 4 3 8 6 5 <br />
4 8 5 3 2 1 6 9 7 <br />
9 7 3 6 8 5 4 1 2 <br />
2 1 6 4 9 7 5 3 8 <br />
6 2 7 8 1 4 9 5 3 <br />
1 5 4 7 3 9 2 8 6 <br />
8 3 9 5 6 2 1 7 4 <br />
<hr>
7 6 2 1 5 8 3 4 9 <br />
3 4 8 6 7 9 1 2 5 <br />
5 9 1 2 4 3 7 6 8 <br />
4 8 5 3 2 1 6 9 7 <br />
9 7 3 4 8 6 5 1 2 <br />
2 1 6 7 9 5 8 3 4 <br />
6 2 7 8 1 4 9 5 3 <br />
1 5 4 9 3 7 2 8 6 <br />
8 3 9 5 6 2 4 7 1 <br />
<hr>
7 6 2 1 5 8 3 4 9 <br />
3 4 8 6 9 7 1 2 5 <br />
5 9 1 2 4 3 7 6 8 <br />
4 8 5 3 2 1 6 9 7 <br />
2 7 3 9 8 6 5 1 4 <br />
9 1 6 4 7 5 8 3 2 <br />
6 2 7 8 1 4 9 5 3 <br />
1 5 4 7 3 9 2 8 6 <br />
8 3 9 5 6 2 4 7 1 <br />
<hr>
7 6 2 1 5 8 3 4 9 <br />
3 4 8 6 9 7 1 2 5 <br />
5 9 1 2 4 3 7 6 8 <br />
4 8 5 3 2 1 6 9 7 <br />
9 7 3 4 8 6 5 1 2 <br />
2 1 6 9 7 5 8 3 4 <br />
6 2 7 8 1 4 9 5 3 <br />
1 5 4 7 3 9 2 8 6 <br />
8 3 9 5 6 2 4 7 1 <br />
<hr>
7 6 2 1 5 8 3 4 9 <br />
3 4 8 6 9 7 5 2 1 <br />
5 9 1 2 4 3 6 7 8 <br />
4 8 5 3 2 6 1 9 7 <br />
2 7 3 9 8 1 4 6 5 <br />
9 1 6 4 7 5 8 3 2 <br />
6 2 7 8 1 4 9 5 3 <br />
1 5 4 7 3 9 2 8 6 <br />
8 3 9 5 6 2 7 1 4 <br />
<hr>
7 6 2 1 5 8 3 4 9 <br />
3 4 8 6 9 7 5 2 1 <br />
5 9 1 2 4 3 6 7 8 <br />
4 8 5 3 2 6 1 9 7 <br />
2 7 6 9 8 1 4 3 5 <br />
9 1 3 4 7 5 8 6 2 <br />
6 2 7 8 1 4 9 5 3 <br />
1 5 4 7 3 9 2 8 6 <br />
8 3 9 5 6 2 7 1 4 <br />
<hr>
7 6 2 1 5 8 3 4 9 <br />
3 4 8 6 9 7 5 2 1 <br />
5 9 1 2 4 3 6 7 8 <br />
4 8 5 3 2 6 1 9 7 <br />
2 7 6 9 8 1 4 5 3 <br />
9 1 3 4 7 5 8 6 2 <br />
6 2 7 8 1 4 9 3 5 <br />
1 5 4 7 3 9 2 8 6 <br />
8 3 9 5 6 2 7 1 4 <br />
<hr>
7 6 2 1 5 8 3 4 9 <br />
3 4 8 6 9 7 5 2 1 <br />
5 9 1 2 4 3 7 6 8 <br />
4 8 5 3 2 1 6 9 7 <br />
2 7 3 9 8 6 4 1 5 <br />
9 1 6 4 7 5 8 3 2 <br />
6 2 7 8 1 4 9 5 3 <br />
1 5 4 7 3 9 2 8 6 <br />
8 3 9 5 6 2 1 7 4 <br />
<hr>
7 6 2 1 5 8 3 4 9 <br />
3 4 8 6 9 7 5 2 1 <br />
5 9 1 2 4 3 7 6 8 <br />
4 8 5 3 2 1 6 9 7 <br />
2 7 6 9 8 5 4 1 3 <br />
9 1 3 4 7 6 8 5 2 <br />
6 2 7 8 1 4 9 3 5 <br />
1 5 4 7 3 9 2 8 6 <br />
8 3 9 5 6 2 1 7 4 <br />
<hr>
7 6 2 1 5 8 3 4 9 <br />
3 4 8 7 9 6 1 2 5 <br />
5 9 1 2 4 3 7 6 8 <br />
4 8 5 3 2 1 6 9 7 <br />
2 7 3 6 8 9 5 1 4 <br />
9 1 6 4 7 5 8 3 2 <br />
6 2 7 8 1 4 9 5 3 <br />
1 5 4 9 3 7 2 8 6 <br />
8 3 9 5 6 2 4 7 1 <br />
<hr>
7 6 2 1 5 8 3 4 9 <br />
3 4 8 7 9 6 5 2 1 <br />
5 9 1 2 4 3 7 6 8 <br />
4 8 5 3 2 1 6 9 7 <br />
2 7 3 6 8 9 4 1 5 <br />
9 1 6 4 7 5 8 3 2 <br />
6 2 7 8 1 4 9 5 3 <br />
1 5 4 9 3 7 2 8 6 <br />
8 3 9 5 6 2 1 7 4 <br />
<hr>
7 6 2 1 5 8 3 4 9 <br />
3 4 8 7 9 6 5 2 1 <br />
5 9 1 2 4 3 7 6 8 <br />
4 8 5 3 2 1 6 9 7 <br />
9 7 3 6 8 5 4 1 2 <br />
2 1 6 4 7 9 8 3 5 <br />
6 2 7 8 1 4 9 5 3 <br />
1 5 4 9 3 7 2 8 6 <br />
8 3 9 5 6 2 1 7 4 <br />
<hr>
7 6 2 1 5 8 3 4 9 <br />
3 4 8 7 9 6 5 2 1 <br />
5 9 1 2 4 3 7 6 8 <br />
4 8 5 3 2 1 6 9 7 <br />
9 7 3 6 8 5 4 1 2 <br />
2 1 6 4 7 9 8 5 3 <br />
6 2 7 8 1 4 9 3 5 <br />
1 5 4 9 3 7 2 8 6 <br />
8 3 9 5 6 2 1 7 4 <br />
<hr>
7 6 2 1 5 8 3 4 9 <br />
3 4 8 9 7 6 5 2 1 <br />
5 9 1 2 4 3 7 6 8 <br />
4 8 5 3 2 1 6 9 7 <br />
9 7 3 6 8 5 4 1 2 <br />
2 1 6 4 9 7 8 3 5 <br />
6 2 7 8 1 4 9 5 3 <br />
1 5 4 7 3 9 2 8 6 <br />
8 3 9 5 6 2 1 7 4 <br />
<hr>
7 6 2 1 5 8 3 4 9 <br />
3 4 8 9 7 6 5 2 1 <br />
5 9 1 2 4 3 7 6 8 <br />
4 8 5 3 2 1 6 9 7 <br />
9 7 3 6 8 5 4 1 2 <br />
2 1 6 4 9 7 8 5 3 <br />
6 2 7 8 1 4 9 3 5 <br />
1 5 4 7 3 9 2 8 6 <br />
8 3 9 5 6 2 1 7 4 <br />
<hr>
7 6 2 1 5 8 3 4 9 <br />
5 4 8 6 9 3 7 2 1 <br />
3 9 1 2 4 7 5 6 8 <br />
4 8 5 3 2 1 6 9 7 <br />
2 7 3 9 8 6 4 1 5 <br />
9 1 6 4 7 5 8 3 2 <br />
6 2 7 8 1 4 9 5 3 <br />
1 5 4 7 3 9 2 8 6 <br />
8 3 9 5 6 2 1 7 4 <br />
<hr>
7 6 2 1 5 8 3 4 9 <br />
5 4 8 6 9 3 7 2 1 <br />
3 9 1 2 4 7 5 6 8 <br />
4 8 5 3 2 1 6 9 7 <br />
2 7 6 9 8 5 4 1 3 <br />
9 1 3 4 7 6 8 5 2 <br />
6 2 7 8 1 4 9 3 5 <br />
1 5 4 7 3 9 2 8 6 <br />
8 3 9 5 6 2 1 7 4 <br />
<hr>
7 6 2 1 5 8 3 4 9 <br />
5 4 8 6 9 3 7 2 1 <br />
3 9 1 2 4 7 8 6 5 <br />
4 8 5 3 2 1 6 9 7 <br />
9 7 3 4 8 6 5 1 2 <br />
2 1 6 9 7 5 4 3 8 <br />
6 2 7 8 1 4 9 5 3 <br />
1 5 4 7 3 9 2 8 6 <br />
8 3 9 5 6 2 1 7 4 <br />
<hr>
7 6 2 1 5 9 3 4 8 <br />
5 4 8 6 7 3 1 2 9 <br />
3 9 1 2 4 8 7 6 5 <br />
4 8 5 3 2 1 6 9 7 <br />
9 7 3 4 8 6 5 1 2 <br />
2 1 6 7 9 5 8 3 4 <br />
6 2 7 8 1 4 9 5 3 <br />
1 5 4 9 3 7 2 8 6 <br />
8 3 9 5 6 2 4 7 1 <br />
<hr>
7 6 2 1 9 5 3 4 8 <br />
5 4 8 6 7 3 1 2 9 <br />
3 9 1 2 4 8 7 6 5 <br />
4 8 5 3 2 1 6 9 7 <br />
2 7 3 9 8 6 5 1 4 <br />
9 1 6 4 5 7 8 3 2 <br />
6 2 7 8 1 4 9 5 3 <br />
1 5 4 7 3 9 2 8 6 <br />
8 3 9 5 6 2 4 7 1 <br />
<hr>
7 6 2 1 9 5 3 4 8 <br />
5 4 8 6 7 3 1 2 9 <br />
3 9 1 2 4 8 7 6 5 <br />
4 8 5 3 2 1 6 9 7 <br />
9 7 3 4 8 6 5 1 2 <br />
2 1 6 7 5 9 8 3 4 <br />
6 2 7 8 1 4 9 5 3 <br />
1 5 4 9 3 7 2 8 6 <br />
8 3 9 5 6 2 4 7 1 <br />
<hr>
7 6 2 1 9 5 3 4 8 <br />
5 4 8 6 7 3 1 2 9 <br />
3 9 1 2 4 8 7 6 5 <br />
4 8 5 3 2 1 6 9 7 <br />
9 7 3 4 8 6 5 1 2 <br />
2 1 6 9 5 7 8 3 4 <br />
6 2 7 8 1 4 9 5 3 <br />
1 5 4 7 3 9 2 8 6 <br />
8 3 9 5 6 2 4 7 1 <br />
<hr>
7 6 2 1 9 8 3 4 5 <br />
3 4 8 6 5 7 1 2 9 <br />
5 9 1 2 4 3 7 6 8 <br />
4 8 5 3 2 1 6 9 7 <br />
2 7 3 9 8 6 5 1 4 <br />
9 1 6 4 7 5 8 3 2 <br />
6 2 7 8 1 4 9 5 3 <br />
1 5 4 7 3 9 2 8 6 <br />
8 3 9 5 6 2 4 7 1 <br />
<hr>
7 6 2 1 9 8 3 4 5 <br />
3 4 8 6 5 7 1 2 9 <br />
5 9 1 2 4 3 7 6 8 <br />
4 8 5 3 2 1 6 9 7 <br />
9 7 3 4 8 6 5 1 2 <br />
2 1 6 9 7 5 8 3 4 <br />
6 2 7 8 1 4 9 5 3 <br />
1 5 4 7 3 9 2 8 6 <br />
8 3 9 5 6 2 4 7 1 <br />
<hr>
7 6 2 1 9 8 3 4 5 <br />
3 4 8 6 7 5 1 2 9 <br />
5 9 1 2 4 3 7 6 8 <br />
4 8 5 3 2 1 6 9 7 <br />
2 7 3 9 8 6 5 1 4 <br />
9 1 6 4 5 7 8 3 2 <br />
6 2 7 8 1 4 9 5 3 <br />
1 5 4 7 3 9 2 8 6 <br />
8 3 9 5 6 2 4 7 1 <br />
<hr>
7 6 2 1 9 8 3 4 5 <br />
3 4 8 6 7 5 1 2 9 <br />
5 9 1 2 4 3 7 6 8 <br />
4 8 5 3 2 1 6 9 7 <br />
9 7 3 4 8 6 5 1 2 <br />
2 1 6 7 5 9 8 3 4 <br />
6 2 7 8 1 4 9 5 3 <br />
1 5 4 9 3 7 2 8 6 <br />
8 3 9 5 6 2 4 7 1 <br />
<hr>
7 6 2 1 9 8 3 4 5 <br />
3 4 8 6 7 5 1 2 9 <br />
5 9 1 2 4 3 7 6 8 <br />
4 8 5 3 2 1 6 9 7 <br />
9 7 3 4 8 6 5 1 2 <br />
2 1 6 9 5 7 8 3 4 <br />
6 2 7 8 1 4 9 5 3 <br />
1 5 4 7 3 9 2 8 6 <br />
8 3 9 5 6 2 4 7 1 <br />
<hr>
7 6 2 1 9 8 3 4 5 <br />
3 4 8 7 5 6 1 2 9 <br />
5 9 1 2 4 3 7 6 8 <br />
4 8 5 3 2 1 6 9 7 <br />
2 7 3 6 8 9 5 1 4 <br />
9 1 6 4 7 5 8 3 2 <br />
6 2 7 8 1 4 9 5 3 <br />
1 5 4 9 3 7 2 8 6 <br />
8 3 9 5 6 2 4 7 1 <br />
<hr>
7 6 2 1 9 8 3 4 5 <br />
5 4 8 6 7 3 1 2 9 <br />
3 9 1 2 4 5 7 6 8 <br />
4 8 5 3 2 1 6 9 7 <br />
2 7 3 9 8 6 5 1 4 <br />
9 1 6 4 5 7 8 3 2 <br />
6 2 7 8 1 4 9 5 3 <br />
1 5 4 7 3 9 2 8 6 <br />
8 3 9 5 6 2 4 7 1 <br />
<hr>
7 6 2 1 9 8 3 4 5 <br />
5 4 8 6 7 3 1 2 9 <br />
3 9 1 2 4 5 7 6 8 <br />
4 8 5 3 2 1 6 9 7 <br />
9 7 3 4 8 6 5 1 2 <br />
2 1 6 7 5 9 8 3 4 <br />
6 2 7 8 1 4 9 5 3 <br />
1 5 4 9 3 7 2 8 6 <br />
8 3 9 5 6 2 4 7 1 <br />
<hr>
7 6 2 1 9 8 3 4 5 <br />
5 4 8 6 7 3 1 2 9 <br />
3 9 1 2 4 5 7 6 8 <br />
4 8 5 3 2 1 6 9 7 <br />
9 7 3 4 8 6 5 1 2 <br />
2 1 6 9 5 7 8 3 4 <br />
6 2 7 8 1 4 9 5 3 <br />
1 5 4 7 3 9 2 8 6 <br />
8 3 9 5 6 2 4 7 1 <br />
<hr>
7 6 2 1 9 8 3 5 4 <br />
3 4 8 6 5 7 1 2 9 <br />
5 9 1 2 4 3 7 6 8 <br />
4 8 5 3 2 1 6 9 7 <br />
9 7 3 4 8 6 5 1 2 <br />
2 1 6 9 7 5 8 4 3 <br />
6 2 7 8 1 4 9 3 5 <br />
1 5 4 7 3 9 2 8 6 <br />
8 3 9 5 6 2 4 7 1 <br />
<hr>
7 6 2 1 9 8 3 5 4 <br />
3 4 8 6 7 5 1 2 9 <br />
5 9 1 2 4 3 7 6 8 <br />
4 8 5 3 2 1 6 9 7 <br />
2 7 6 4 8 9 5 1 3 <br />
9 1 3 7 5 6 8 4 2 <br />
6 2 7 8 1 4 9 3 5 <br />
1 5 4 9 3 7 2 8 6 <br />
8 3 9 5 6 2 4 7 1 <br />
<hr>
7 6 2 1 9 8 3 5 4 <br />
3 4 8 6 7 5 1 2 9 <br />
5 9 1 2 4 3 7 6 8 <br />
4 8 5 3 2 1 6 9 7 <br />
9 7 3 4 8 6 5 1 2 <br />
2 1 6 7 5 9 8 4 3 <br />
6 2 7 8 1 4 9 3 5 <br />
1 5 4 9 3 7 2 8 6 <br />
8 3 9 5 6 2 4 7 1 <br />
<hr>
7 6 2 1 9 8 3 5 4 <br />
3 4 8 6 7 5 1 2 9 <br />
5 9 1 2 4 3 7 6 8 <br />
4 8 5 3 2 1 6 9 7 <br />
9 7 3 4 8 6 5 1 2 <br />
2 1 6 9 5 7 8 4 3 <br />
6 2 7 8 1 4 9 3 5 <br />
1 5 4 7 3 9 2 8 6 <br />
8 3 9 5 6 2 4 7 1 <br />
<hr>
7 6 2 1 9 8 3 5 4 <br />
3 4 8 7 5 6 1 2 9 <br />
5 9 1 2 4 3 7 6 8 <br />
4 8 5 3 2 1 6 9 7 <br />
2 7 6 4 8 9 5 1 3 <br />
9 1 3 6 7 5 8 4 2 <br />
6 2 7 8 1 4 9 3 5 <br />
1 5 4 9 3 7 2 8 6 <br />
8 3 9 5 6 2 4 7 1 <br />
<hr>
7 6 2 1 9 8 3 5 4 <br />
5 4 8 6 7 3 1 2 9 <br />
3 9 1 2 4 5 7 6 8 <br />
4 8 5 3 2 1 6 9 7 <br />
2 7 6 4 8 9 5 1 3 <br />
9 1 3 7 5 6 8 4 2 <br />
6 2 7 8 1 4 9 3 5 <br />
1 5 4 9 3 7 2 8 6 <br />
8 3 9 5 6 2 4 7 1 <br />
<hr>
7 6 2 1 9 8 3 5 4 <br />
5 4 8 6 7 3 1 2 9 <br />
3 9 1 2 4 5 7 6 8 <br />
4 8 5 3 2 1 6 9 7 <br />
9 7 3 4 8 6 5 1 2 <br />
2 1 6 7 5 9 8 4 3 <br />
6 2 7 8 1 4 9 3 5 <br />
1 5 4 9 3 7 2 8 6 <br />
8 3 9 5 6 2 4 7 1 <br />
<hr>
7 6 2 1 9 8 3 5 4 <br />
5 4 8 6 7 3 1 2 9 <br />
3 9 1 2 4 5 7 6 8 <br />
4 8 5 3 2 1 6 9 7 <br />
9 7 3 4 8 6 5 1 2 <br />
2 1 6 9 5 7 8 4 3 <br />
6 2 7 8 1 4 9 3 5 <br />
1 5 4 7 3 9 2 8 6 <br />
8 3 9 5 6 2 4 7 1 <br />
<hr>
7 6 2 8 5 1 3 4 9 <br />
3 4 8 6 7 9 5 2 1 <br />
5 9 1 2 4 3 6 7 8 <br />
4 8 5 3 2 6 1 9 7 <br />
9 7 3 1 8 5 4 6 2 <br />
2 1 6 7 9 4 8 3 5 <br />
6 2 7 4 1 8 9 5 3 <br />
1 5 4 9 3 7 2 8 6 <br />
8 3 9 5 6 2 7 1 4 <br />
<hr>
7 6 2 8 5 1 3 4 9 <br />
3 4 8 6 7 9 5 2 1 <br />
5 9 1 2 4 3 6 7 8 <br />
4 8 5 3 2 6 1 9 7 <br />
9 7 3 1 8 5 4 6 2 <br />
2 1 6 7 9 4 8 5 3 <br />
6 2 7 4 1 8 9 3 5 <br />
1 5 4 9 3 7 2 8 6 <br />
8 3 9 5 6 2 7 1 4 <br />
<hr>
7 6 2 8 5 1 3 4 9 <br />
3 4 8 6 7 9 5 2 1 <br />
5 9 1 2 4 3 6 7 8 <br />
4 8 5 3 2 6 1 9 7 <br />
9 7 6 1 8 5 4 3 2 <br />
2 1 3 7 9 4 8 6 5 <br />
6 2 7 4 1 8 9 5 3 <br />
1 5 4 9 3 7 2 8 6 <br />
8 3 9 5 6 2 7 1 4 <br />
<hr>
7 6 2 8 5 1 3 4 9 <br />
3 4 8 6 9 7 5 2 1 <br />
5 9 1 2 4 3 6 7 8 <br />
4 8 5 3 2 6 1 9 7 <br />
9 7 3 1 8 5 4 6 2 <br />
2 1 6 9 7 4 8 3 5 <br />
6 2 7 4 1 8 9 5 3 <br />
1 5 4 7 3 9 2 8 6 <br />
8 3 9 5 6 2 7 1 4 <br />
<hr>
7 6 2 8 5 1 3 4 9 <br />
3 4 8 6 9 7 5 2 1 <br />
5 9 1 2 4 3 6 7 8 <br />
4 8 5 3 2 6 1 9 7 <br />
9 7 3 1 8 5 4 6 2 <br />
2 1 6 9 7 4 8 5 3 <br />
6 2 7 4 1 8 9 3 5 <br />
1 5 4 7 3 9 2 8 6 <br />
8 3 9 5 6 2 7 1 4 <br />
<hr>
7 6 2 8 5 1 3 4 9 <br />
3 4 8 6 9 7 5 2 1 <br />
5 9 1 2 4 3 6 7 8 <br />
4 8 5 3 2 6 1 9 7 <br />
9 7 6 1 8 5 4 3 2 <br />
2 1 3 9 7 4 8 6 5 <br />
6 2 7 4 1 8 9 5 3 <br />
1 5 4 7 3 9 2 8 6 <br />
8 3 9 5 6 2 7 1 4 <br />
<hr>
7 6 2 8 5 9 3 1 4 <br />
3 4 8 1 7 6 5 2 9 <br />
5 9 1 2 4 3 7 6 8 <br />
4 8 5 3 2 1 6 9 7 <br />
9 7 3 6 8 4 1 5 2 <br />
2 1 6 7 9 5 8 4 3 <br />
6 2 7 4 1 8 9 3 5 <br />
1 5 4 9 3 7 2 8 6 <br />
8 3 9 5 6 2 4 7 1 <br />
<hr>
7 6 2 8 5 9 3 1 4 <br />
3 4 8 1 7 6 5 2 9 <br />
5 9 1 2 4 3 7 6 8 <br />
4 8 5 3 2 1 6 9 7 <br />
9 7 3 6 8 5 1 4 2 <br />
2 1 6 7 9 4 8 3 5 <br />
6 2 7 4 1 8 9 5 3 <br />
1 5 4 9 3 7 2 8 6 <br />
8 3 9 5 6 2 4 7 1 <br />
<hr>
7 6 2 8 5 9 3 1 4 <br />
3 4 8 1 7 6 5 2 9 <br />
5 9 1 2 4 3 7 6 8 <br />
4 8 5 3 2 1 6 9 7 <br />
9 7 3 6 8 5 1 4 2 <br />
2 1 6 7 9 4 8 5 3 <br />
6 2 7 4 1 8 9 3 5 <br />
1 5 4 9 3 7 2 8 6 <br />
8 3 9 5 6 2 4 7 1 <br />
<hr>
7 6 2 8 5 9 3 1 4 <br />
3 4 8 6 7 1 5 2 9 <br />
5 9 1 2 4 3 6 7 8 <br />
4 8 5 3 2 6 1 9 7 <br />
9 7 3 1 8 5 4 6 2 <br />
2 1 6 7 9 4 8 3 5 <br />
6 2 7 4 1 8 9 5 3 <br />
1 5 4 9 3 7 2 8 6 <br />
8 3 9 5 6 2 7 4 1 <br />
<hr>
7 6 2 8 5 9 3 1 4 <br />
3 4 8 6 7 1 5 2 9 <br />
5 9 1 2 4 3 6 7 8 <br />
4 8 5 3 2 6 1 9 7 <br />
9 7 3 1 8 5 4 6 2 <br />
2 1 6 7 9 4 8 5 3 <br />
6 2 7 4 1 8 9 3 5 <br />
1 5 4 9 3 7 2 8 6 <br />
8 3 9 5 6 2 7 4 1 <br />
<hr>
7 6 2 8 5 9 3 1 4 <br />
3 4 8 6 7 1 5 2 9 <br />
5 9 1 2 4 3 6 7 8 <br />
4 8 5 3 2 6 1 9 7 <br />
9 7 6 1 8 5 4 3 2 <br />
2 1 3 7 9 4 8 6 5 <br />
6 2 7 4 1 8 9 5 3 <br />
1 5 4 9 3 7 2 8 6 <br />
8 3 9 5 6 2 7 4 1 <br />
<hr>
7 6 2 8 5 9 3 1 4 <br />
3 4 8 6 7 1 5 2 9 <br />
5 9 1 2 4 3 7 6 8 <br />
4 8 5 3 2 6 1 9 7 <br />
9 7 3 1 8 4 6 5 2 <br />
2 1 6 7 9 5 8 4 3 <br />
6 2 7 4 1 8 9 3 5 <br />
1 5 4 9 3 7 2 8 6 <br />
8 3 9 5 6 2 4 7 1 <br />
<hr>
7 6 2 8 5 9 3 1 4 <br />
3 4 8 6 7 1 5 2 9 <br />
5 9 1 2 4 3 7 6 8 <br />
4 8 5 3 2 6 1 9 7 <br />
9 7 3 1 8 5 6 4 2 <br />
2 1 6 7 9 4 8 3 5 <br />
6 2 7 4 1 8 9 5 3 <br />
1 5 4 9 3 7 2 8 6 <br />
8 3 9 5 6 2 4 7 1 <br />
<hr>
7 6 2 8 5 9 3 1 4 <br />
3 4 8 6 7 1 5 2 9 <br />
5 9 1 2 4 3 7 6 8 <br />
4 8 5 3 2 6 1 9 7 <br />
9 7 3 1 8 5 6 4 2 <br />
2 1 6 7 9 4 8 5 3 <br />
6 2 7 4 1 8 9 3 5 <br />
1 5 4 9 3 7 2 8 6 <br />
8 3 9 5 6 2 4 7 1 <br />
<hr>
7 6 2 8 5 9 3 4 1 <br />
3 4 8 1 7 6 5 2 9 <br />
5 9 1 2 4 3 7 6 8 <br />
4 8 5 3 2 1 6 9 7 <br />
9 7 3 6 8 5 4 1 2 <br />
2 1 6 7 9 4 8 3 5 <br />
6 2 7 4 1 8 9 5 3 <br />
1 5 4 9 3 7 2 8 6 <br />
8 3 9 5 6 2 1 7 4 <br />
<hr>
7 6 2 8 5 9 3 4 1 <br />
3 4 8 1 7 6 5 2 9 <br />
5 9 1 2 4 3 7 6 8 <br />
4 8 5 3 2 1 6 9 7 <br />
9 7 3 6 8 5 4 1 2 <br />
2 1 6 7 9 4 8 5 3 <br />
6 2 7 4 1 8 9 3 5 <br />
1 5 4 9 3 7 2 8 6 <br />
8 3 9 5 6 2 1 7 4 <br />
<hr>
7 6 2 8 5 9 3 4 1 <br />
3 4 8 6 7 1 5 2 9 <br />
5 9 1 2 4 3 6 7 8 <br />
4 8 5 3 2 6 1 9 7 <br />
9 7 3 1 8 5 4 6 2 <br />
2 1 6 7 9 4 8 3 5 <br />
6 2 7 4 1 8 9 5 3 <br />
1 5 4 9 3 7 2 8 6 <br />
8 3 9 5 6 2 7 1 4 <br />
<hr>
7 6 2 8 5 9 3 4 1 <br />
3 4 8 6 7 1 5 2 9 <br />
5 9 1 2 4 3 6 7 8 <br />
4 8 5 3 2 6 1 9 7 <br />
9 7 3 1 8 5 4 6 2 <br />
2 1 6 7 9 4 8 5 3 <br />
6 2 7 4 1 8 9 3 5 <br />
1 5 4 9 3 7 2 8 6 <br />
8 3 9 5 6 2 7 1 4 <br />
<hr>
7 6 2 8 5 9 3 4 1 <br />
3 4 8 6 7 1 5 2 9 <br />
5 9 1 2 4 3 6 7 8 <br />
4 8 5 3 2 6 1 9 7 <br />
9 7 6 1 8 5 4 3 2 <br />
2 1 3 7 9 4 8 6 5 <br />
6 2 7 4 1 8 9 5 3 <br />
1 5 4 9 3 7 2 8 6 <br />
8 3 9 5 6 2 7 1 4 <br />
<hr>
7 6 2 8 9 5 3 1 4 <br />
3 4 8 1 7 6 5 2 9 <br />
5 9 1 2 4 3 7 6 8 <br />
4 8 5 3 2 1 6 9 7 <br />
2 7 3 6 8 9 1 4 5 <br />
9 1 6 7 5 4 8 3 2 <br />
6 2 7 4 1 8 9 5 3 <br />
1 5 4 9 3 7 2 8 6 <br />
8 3 9 5 6 2 4 7 1 <br />
<hr>
7 6 2 8 9 5 3 1 4 <br />
3 4 8 1 7 6 5 2 9 <br />
5 9 1 2 4 3 7 6 8 <br />
4 8 5 3 2 1 6 9 7 <br />
2 7 6 9 8 4 1 3 5 <br />
9 1 3 6 5 7 8 4 2 <br />
6 2 7 4 1 8 9 5 3 <br />
1 5 4 7 3 9 2 8 6 <br />
8 3 9 5 6 2 4 7 1 <br />
<hr>
7 6 2 8 9 5 3 1 4 <br />
3 4 8 1 7 6 5 2 9 <br />
5 9 1 2 4 3 7 6 8 <br />
4 8 5 3 2 1 6 9 7 <br />
2 7 6 9 8 4 1 5 3 <br />
9 1 3 6 5 7 8 4 2 <br />
6 2 7 4 1 8 9 3 5 <br />
1 5 4 7 3 9 2 8 6 <br />
8 3 9 5 6 2 4 7 1 <br />
<hr>
7 6 2 8 9 5 3 1 4 <br />
3 4 8 1 7 6 5 2 9 <br />
5 9 1 2 4 3 7 6 8 <br />
4 8 5 3 2 1 6 9 7 <br />
9 7 3 6 8 4 1 5 2 <br />
2 1 6 7 5 9 8 4 3 <br />
6 2 7 4 1 8 9 3 5 <br />
1 5 4 9 3 7 2 8 6 <br />
8 3 9 5 6 2 4 7 1 <br />
<hr>
7 6 2 8 9 5 3 1 4 <br />
3 4 8 1 7 6 5 2 9 <br />
5 9 1 2 4 3 7 6 8 <br />
4 8 5 3 2 1 6 9 7 <br />
9 7 3 6 8 4 1 5 2 <br />
2 1 6 9 5 7 8 4 3 <br />
6 2 7 4 1 8 9 3 5 <br />
1 5 4 7 3 9 2 8 6 <br />
8 3 9 5 6 2 4 7 1 <br />
<hr>
7 6 2 8 9 5 3 1 4 <br />
3 4 8 6 7 1 5 2 9 <br />
5 9 1 2 4 3 6 7 8 <br />
4 8 5 3 2 6 1 9 7 <br />
2 7 3 1 8 9 4 6 5 <br />
9 1 6 7 5 4 8 3 2 <br />
6 2 7 4 1 8 9 5 3 <br />
1 5 4 9 3 7 2 8 6 <br />
8 3 9 5 6 2 7 4 1 <br />
<hr>
7 6 2 8 9 5 3 1 4 <br />
3 4 8 6 7 1 5 2 9 <br />
5 9 1 2 4 3 6 7 8 <br />
4 8 5 3 2 6 1 9 7 <br />
2 7 6 1 8 9 4 3 5 <br />
9 1 3 7 5 4 8 6 2 <br />
6 2 7 4 1 8 9 5 3 <br />
1 5 4 9 3 7 2 8 6 <br />
8 3 9 5 6 2 7 4 1 <br />
<hr>
7 6 2 8 9 5 3 1 4 <br />
3 4 8 6 7 1 5 2 9 <br />
5 9 1 2 4 3 6 7 8 <br />
4 8 5 3 2 6 1 9 7 <br />
2 7 6 1 8 9 4 5 3 <br />
9 1 3 7 5 4 8 6 2 <br />
6 2 7 4 1 8 9 3 5 <br />
1 5 4 9 3 7 2 8 6 <br />
8 3 9 5 6 2 7 4 1 <br />
<hr>
7 6 2 8 9 5 3 1 4 <br />
3 4 8 6 7 1 5 2 9 <br />
5 9 1 2 4 3 7 6 8 <br />
4 8 5 3 2 6 1 9 7 <br />
2 7 3 1 8 9 6 4 5 <br />
9 1 6 7 5 4 8 3 2 <br />
6 2 7 4 1 8 9 5 3 <br />
1 5 4 9 3 7 2 8 6 <br />
8 3 9 5 6 2 4 7 1 <br />
<hr>
7 6 2 8 9 5 3 1 4 <br />
3 4 8 6 7 1 5 2 9 <br />
5 9 1 2 4 3 7 6 8 <br />
4 8 5 3 2 6 1 9 7 <br />
9 7 3 1 8 4 6 5 2 <br />
2 1 6 7 5 9 8 4 3 <br />
6 2 7 4 1 8 9 3 5 <br />
1 5 4 9 3 7 2 8 6 <br />
8 3 9 5 6 2 4 7 1 <br />
<hr>
7 6 2 8 9 5 3 1 4 <br />
3 4 8 6 7 1 5 2 9 <br />
5 9 1 2 4 3 7 6 8 <br />
4 8 5 3 2 6 1 9 7 <br />
9 7 3 1 8 4 6 5 2 <br />
2 1 6 9 5 7 8 4 3 <br />
6 2 7 4 1 8 9 3 5 <br />
1 5 4 7 3 9 2 8 6 <br />
8 3 9 5 6 2 4 7 1 <br />
<hr>
7 6 2 8 9 5 3 4 1 <br />
3 4 8 1 7 6 5 2 9 <br />
5 9 1 2 4 3 7 6 8 <br />
4 8 5 3 2 1 6 9 7 <br />
2 7 3 6 8 9 4 1 5 <br />
9 1 6 7 5 4 8 3 2 <br />
6 2 7 4 1 8 9 5 3 <br />
1 5 4 9 3 7 2 8 6 <br />
8 3 9 5 6 2 1 7 4 <br />
<hr>
7 6 2 8 9 5 3 4 1 <br />
3 4 8 6 7 1 5 2 9 <br />
5 9 1 2 4 3 6 7 8 <br />
4 8 5 3 2 6 1 9 7 <br />
2 7 3 1 8 9 4 6 5 <br />
9 1 6 7 5 4 8 3 2 <br />
6 2 7 4 1 8 9 5 3 <br />
1 5 4 9 3 7 2 8 6 <br />
8 3 9 5 6 2 7 1 4 <br />
<hr>
7 6 2 8 9 5 3 4 1 <br />
3 4 8 6 7 1 5 2 9 <br />
5 9 1 2 4 3 6 7 8 <br />
4 8 5 3 2 6 1 9 7 <br />
2 7 6 1 8 9 4 3 5 <br />
9 1 3 7 5 4 8 6 2 <br />
6 2 7 4 1 8 9 5 3 <br />
1 5 4 9 3 7 2 8 6 <br />
8 3 9 5 6 2 7 1 4 <br />
<hr>
7 6 2 8 9 5 3 4 1 <br />
3 4 8 6 7 1 5 2 9 <br />
5 9 1 2 4 3 6 7 8 <br />
4 8 5 3 2 6 1 9 7 <br />
2 7 6 1 8 9 4 5 3 <br />
9 1 3 7 5 4 8 6 2 <br />
6 2 7 4 1 8 9 3 5 <br />
1 5 4 9 3 7 2 8 6 <br />
8 3 9 5 6 2 7 1 4 <br />
<hr>
7 6 2 9 5 8 3 1 4 <br />
3 4 8 1 7 6 5 2 9 <br />
5 9 1 2 4 3 7 6 8 <br />
4 8 5 3 2 1 6 9 7 <br />
9 7 3 6 8 5 1 4 2 <br />
2 1 6 4 9 7 8 3 5 <br />
6 2 7 8 1 4 9 5 3 <br />
1 5 4 7 3 9 2 8 6 <br />
8 3 9 5 6 2 4 7 1 <br />
<hr>
7 6 2 9 5 8 3 1 4 <br />
3 4 8 1 7 6 5 2 9 <br />
5 9 1 2 4 3 7 6 8 <br />
4 8 5 3 2 1 6 9 7 <br />
9 7 3 6 8 5 1 4 2 <br />
2 1 6 4 9 7 8 5 3 <br />
6 2 7 8 1 4 9 3 5 <br />
1 5 4 7 3 9 2 8 6 <br />
8 3 9 5 6 2 4 7 1 <br />
<hr>
7 6 2 9 5 8 3 1 4 <br />
3 4 8 1 7 6 5 2 9 <br />
5 9 1 2 4 3 7 6 8 <br />
4 8 5 3 2 1 6 9 7 <br />
9 7 6 4 8 5 1 3 2 <br />
2 1 3 6 9 7 8 4 5 <br />
6 2 7 8 1 4 9 5 3 <br />
1 5 4 7 3 9 2 8 6 <br />
8 3 9 5 6 2 4 7 1 <br />
<hr>
7 6 2 9 5 8 3 1 4 <br />
3 4 8 6 7 1 5 2 9 <br />
5 9 1 2 4 3 6 7 8 <br />
4 8 5 3 2 6 1 9 7 <br />
9 7 3 1 8 5 4 6 2 <br />
2 1 6 4 9 7 8 3 5 <br />
6 2 7 8 1 4 9 5 3 <br />
1 5 4 7 3 9 2 8 6 <br />
8 3 9 5 6 2 7 4 1 <br />
<hr>
7 6 2 9 5 8 3 1 4 <br />
3 4 8 6 7 1 5 2 9 <br />
5 9 1 2 4 3 6 7 8 <br />
4 8 5 3 2 6 1 9 7 <br />
9 7 3 1 8 5 4 6 2 <br />
2 1 6 4 9 7 8 5 3 <br />
6 2 7 8 1 4 9 3 5 <br />
1 5 4 7 3 9 2 8 6 <br />
8 3 9 5 6 2 7 4 1 <br />
<hr>
7 6 2 9 5 8 3 1 4 <br />
3 4 8 6 7 1 5 2 9 <br />
5 9 1 2 4 3 6 7 8 <br />
4 8 5 3 2 6 1 9 7 <br />
9 7 6 1 8 5 4 3 2 <br />
2 1 3 4 9 7 8 6 5 <br />
6 2 7 8 1 4 9 5 3 <br />
1 5 4 7 3 9 2 8 6 <br />
8 3 9 5 6 2 7 4 1 <br />
<hr>
7 6 2 9 5 8 3 1 4 <br />
3 4 8 6 7 1 5 2 9 <br />
5 9 1 2 4 3 7 6 8 <br />
4 8 5 3 2 6 1 9 7 <br />
9 7 3 1 8 5 6 4 2 <br />
2 1 6 4 9 7 8 3 5 <br />
6 2 7 8 1 4 9 5 3 <br />
1 5 4 7 3 9 2 8 6 <br />
8 3 9 5 6 2 4 7 1 <br />
<hr>
7 6 2 9 5 8 3 1 4 <br />
3 4 8 6 7 1 5 2 9 <br />
5 9 1 2 4 3 7 6 8 <br />
4 8 5 3 2 6 1 9 7 <br />
9 7 3 1 8 5 6 4 2 <br />
2 1 6 4 9 7 8 5 3 <br />
6 2 7 8 1 4 9 3 5 <br />
1 5 4 7 3 9 2 8 6 <br />
8 3 9 5 6 2 4 7 1 <br />
<hr>
7 6 2 9 5 8 3 4 1 <br />
3 4 8 1 7 6 5 2 9 <br />
5 9 1 2 4 3 7 6 8 <br />
4 8 5 3 2 1 6 9 7 <br />
9 7 3 6 8 5 4 1 2 <br />
2 1 6 4 9 7 8 3 5 <br />
6 2 7 8 1 4 9 5 3 <br />
1 5 4 7 3 9 2 8 6 <br />
8 3 9 5 6 2 1 7 4 <br />
<hr>
7 6 2 9 5 8 3 4 1 <br />
3 4 8 1 7 6 5 2 9 <br />
5 9 1 2 4 3 7 6 8 <br />
4 8 5 3 2 1 6 9 7 <br />
9 7 3 6 8 5 4 1 2 <br />
2 1 6 4 9 7 8 5 3 <br />
6 2 7 8 1 4 9 3 5 <br />
1 5 4 7 3 9 2 8 6 <br />
8 3 9 5 6 2 1 7 4 <br />
<hr>
7 6 2 9 5 8 3 4 1 <br />
3 4 8 6 7 1 5 2 9 <br />
5 9 1 2 4 3 6 7 8 <br />
4 8 5 3 2 6 1 9 7 <br />
9 7 3 1 8 5 4 6 2 <br />
2 1 6 4 9 7 8 3 5 <br />
6 2 7 8 1 4 9 5 3 <br />
1 5 4 7 3 9 2 8 6 <br />
8 3 9 5 6 2 7 1 4 <br />
<hr>
7 6 2 9 5 8 3 4 1 <br />
3 4 8 6 7 1 5 2 9 <br />
5 9 1 2 4 3 6 7 8 <br />
4 8 5 3 2 6 1 9 7 <br />
9 7 3 1 8 5 4 6 2 <br />
2 1 6 4 9 7 8 5 3 <br />
6 2 7 8 1 4 9 3 5 <br />
1 5 4 7 3 9 2 8 6 <br />
8 3 9 5 6 2 7 1 4 <br />
<hr>
7 6 2 9 5 8 3 4 1 <br />
3 4 8 6 7 1 5 2 9 <br />
5 9 1 2 4 3 6 7 8 <br />
4 8 5 3 2 6 1 9 7 <br />
9 7 6 1 8 5 4 3 2 <br />
2 1 3 4 9 7 8 6 5 <br />
6 2 7 8 1 4 9 5 3 <br />
1 5 4 7 3 9 2 8 6 <br />
8 3 9 5 6 2 7 1 4 <br />
<hr><h2>Number of solutions found: 179 .</h2>


</body>
</html>

